1603960637314959526
1603960637514871120
1603960637614809990
1603960637814712524
1603960637914665699
1603960638014621019
1603960638114571095
1603960638214528561
1603960638314473152
1603960638514373779
1603960638614326477
1603960638714277029
1603960638814225197
1603960638914183378
1603960639014128208
1603960639114081383
1603960639214035511
1603960639313982010
1603960639413947344
1603960639513887405
1603960639613846302
1603960639713784933
1603960639813746929
1603960639913702011
1603960640013648272
1603960640213545799
1603960640313498735
1603960640413448095
1603960640513404846
1603960640613354445
1603960640713299513
1603960640813255310